image: levine_loop.pgm
resolution: 0.050000
origin: [-24.094501, -26.500586, 0.000000]
negate: 0
occupied_thresh: 0.65
free_thresh: 0.196

